0 0 128 128 32
0 0 128 128 32
42260 0 129 128 32
87006 0 130 128 32
133551 0 132 128 32
181854 0 133 128 32
231417 0 135 128 32
282745 0 136 128 32
335289 0 138 128 32
389844 0 139 128 32
444908 0 141 128 32
501868 0 143 128 32
559634 0 145 128 32
618565 0 146 128 32
678175 0 148 128 32
739257 0 150 128 32
801269 0 152 128 32
863527 0 154 128 32
926567 0 156 128 32
990413 0 158 128 32
1054580 0 160 128 32
1119425 0 162 128 32
1184461 0 164 128 32
1250049 0 166 128 32
1315963 0 168 128 32
1381789 0 170 128 32
1448016 0 172 128 32
1514333 0 174 128 32
1580893 0 176 128 32
1647210 0 178 128 32
1713642 0 180 128 32
1779920 0 182 128 32
1845981 0 184 128 32
1911760 0 186 128 32
1977411 0 188 128 32
2042666 0 190 128 32
2107677 0 192 128 32
2163472 0 194 128 32
2235587 0 196 128 32
2298829 0 198 128 32
2361665 0 200 128 32
2423800 0 201 128 32
2485173 0 203 128 32
2546593 0 205 128 32
2606891 0 207 128 32
2666320 0 209 128 32
2725318 0 211 128 32
2783059 0 212 128 32
2839673 0 214 128 32
2895739 0 216 128 32
2950651 0 218 128 32
3004846 0 219 128 32
3057391 0 221 128 32
3109527 0 222 128 32
3160090 0 224 128 32
3210288 0 225 128 32
3258788 0 227 128 32
3306111 0 228 128 32
3352621 0 230 128 32
3397894 0 231 128 32
3441289 0 233 128 32
3484053 0 234 128 32
3525317 0 235 128 32
3564917 0 236 128 32
3603737 0 237 128 32
3641186 0 239 128 32
3677435 0 240 128 32
3712044 0 241 128 32
3745378 0 242 128 32
3777208 0 243 128 32
3807702 0 244 128 32
3836838 0 245 128 32
3864589 0 245 128 32
3890933 0 246 128 32
3916258 0 247 128 32
3939945 0 248 128 32
3962369 0 248 128 32
3983105 0 249 128 32
4002738 0 250 128 32
4021060 0 250 128 32
4037645 0 251 128 32
4053078 0 251 128 32
4066945 0 252 128 32
4079419 0 252 128 32
4090515 0 252 128 32
4100401 0 253 128 32
4109087 0 253 128 32
4115922 0 253 128 32
4121782 0 253 128 32
4126390 0 253 128 32
4129518 0 254 128 32
4131708 0 254 128 32
4132214 0 254 128 32
4131263 0 254 128 32
4129258 0 254 128 32
4125796 0 253 128 32
4121279 0 253 128 32
4115927 0 253 128 32
4109143 0 253 128 32
4101329 0 253 128 32
4092290 0 252 128 32
4081818 0 252 128 32
4070731 0 252 128 32
4058443 0 251 128 32
4044587 0 251 128 32
4030451 0 250 128 32
4014987 0 250 128 32
3998761 0 250 128 32
3981384 0 249 128 32
3962854 0 248 128 32
3943446 0 248 128 32
3923806 0 247 128 32
3902735 0 247 128 32
3880975 0 246 128 32
3858343 0 245 128 32
3834852 0 245 128 32
3810928 0 244 128 32
3785987 0 243 128 32
3760441 0 242 128 32
3734317 0 241 128 32
3707638 0 241 128 32
3680429 0 240 128 32
3652507 0 239 128 32
3623884 0 238 128 32
3594986 0 237 128 32
3565644 0 236 128 32
3535881 0 235 128 32
3505721 0 234 128 32
3475190 0 234 128 32
3444519 0 233 128 32
3413123 0 232 128 32
3381415 0 231 128 32
3349421 0 230 128 32
3317165 0 229 128 32
3285065 0 228 128 32
3252195 0 227 128 32
3219518 0 226 128 32
3186689 0 225 128 32
3153940 0 224 128 32
3120891 0 223 128 32
3087971 0 222 128 32
3055288 0 221 128 32
3022250 0 220 128 32
2989557 0 219 128 32
2956878 0 218 128 32
2924144 0 217 128 32
2891807 0 216 128 32
2859371 0 215 128 32
2827292 0 214 128 32
2795389 0 213 128 32
2763895 0 212 128 32
2732639 0 211 128 32
2701644 0 210 128 32
2671268 0 209 128 32
2641150 0 208 128 32
2611154 0 207 128 32
2582037 0 206 128 32
2553109 0 205 128 32
2524453 0 205 128 32
2496696 0 204 128 32
2469110 0 203 128 32
2441910 0 202 128 32
2415248 0 201 128 32
2389056 0 200 128 32
2363705 0 200 128 32
2339176 0 199 128 32
2314645 0 198 128 32
2291146 0 197 128 32
2268042 0 197 128 32
2245860 0 196 128 32
2223984 0 195 128 32
2202852 0 195 128 32
2182487 0 194 128 32
2162480 0 193 128 32
2143485 0 193 128 32
2125322 0 192 128 32
2107581 0 192 128 32
2090698 0 191 128 32
2074263 0 191 128 32
2058576 0 190 128 32
2043842 0 190 128 32
2021199 0 189 128 32
2015746 0 189 128 32
2003471 0 189 128 32
1991528 0 188 128 32
1980124 0 188 128 32
1969578 0 188 128 32
1960034 0 187 128 32
1950741 0 187 128 32
1942664 0 187 128 32
1935189 0 187 128 32
1927994 0 186 128 32
1921807 0 186 128 32
1916559 0 186 128 32
1911938 0 186 128 32
1907903 0 186 128 32
1904544 0 186 128 32
1902052 0 186 128 32
1899953 0 185 128 32
1898481 0 185 128 32
1898071 0 185 128 32
1898283 0 185 128 32
1899426 0 185 128 32
1900926 0 186 128 32
1903416 0 186 128 32
1905861 0 186 128 32
1908933 0 186 128 32
1912632 0 186 128 32
1916959 0 186 128 32
1921912 0 186 128 32
1927493 0 186 128 32
1933701 0 187 128 32
1940754 0 187 128 32
1947400 0 187 128 32
1955195 0 187 128 32
1963425 0 187 128 32
1972257 0 188 128 32
1981473 0 188 128 32
1991060 0 188 128 32
2001006 0 189 128 32
2011732 0 189 128 32
2022382 0 189 128 32
2033569 0 190 128 32
2045294 0 190 128 32
2048417 0 190 128 32
2068948 0 191 128 32
2073095 0 191 128 32
2093998 0 191 128 32
2107399 0 192 128 32
2121070 0 192 128 32
2134779 0 193 128 32
2148873 0 193 128 32
2163008 0 194 128 32
2177564 0 194 128 32
2192260 0 194 128 32
2207236 0 195 128 32
2222246 0 195 128 32
2237704 0 196 128 32
2253179 0 196 128 32
2268578 0 197 128 32
2284309 0 197 128 32
2299938 0 198 128 32
2315874 0 198 128 32
2331464 0 199 128 32
2347541 0 199 128 32
2363246 0 200 128 32
2379071 0 200 128 32
2394748 0 201 128 32
2410845 0 201 128 32
2426661 0 202 128 32
2442610 0 202 128 32
2457911 0 203 128 32
2473946 0 203 128 32
2489319 0 203 128 32
2504809 0 204 128 32
2520437 0 204 128 32
2535986 0 205 128 32
2551423 0 205 128 32
2566527 0 206 128 32
2581397 0 206 128 32
2596294 0 207 128 32
2610772 0 207 128 32
2625392 0 208 128 32
2639467 0 208 128 32
2653419 0 208 128 32
2667157 0 209 128 32
2681085 0 209 128 32
2694385 0 210 128 32
0 1 210 128 32
-544 1 210 127 32
7273 1 210 128 32
16018 1 210 129 32
25253 1 210 131 32
34354 1 210 132 32
43971 1 210 133 32
53577 1 210 134 32
63322 1 210 135 32
73552 1 210 136 32
83990 1 210 138 32
94624 1 210 139 32
105454 1 210 140 32
116021 1 210 142 32
127262 1 210 143 32
138263 1 210 144 32
149208 1 210 146 32
160498 1 210 147 32
171679 1 210 148 32
183143 1 210 150 32
194474 1 210 151 32
206073 1 210 153 32
217288 1 210 154 32
228847 1 210 155 32
239991 1 210 157 32
251233 1 210 158 32
262451 1 210 160 32
273634 1 210 161 32
284563 1 210 162 32
295627 1 210 164 32
306413 1 210 165 32
317102 1 210 166 32
327684 1 210 168 32
338145 1 210 169 32
348473 1 210 170 32
358449 1 210 171 32
368464 1 210 172 32
378309 1 210 174 32
387973 1 210 175 32
397236 1 210 176 32
406489 1 210 177 32
415524 1 210 178 32
424401 1 210 179 32
433009 1 210 180 32
441354 1 210 181 32
449259 1 210 182 32
457021 1 210 183 32
464700 1 210 184 32
472087 1 210 185 32
479171 1 210 186 32
485940 1 210 187 32
492381 1 210 188 32
498690 1 210 188 32
504451 1 210 189 32
510263 1 210 190 32
515723 1 210 190 32
520819 1 210 191 32
525787 1 210 192 32
530298 1 210 192 32
534459 1 210 193 32
538427 1 210 193 32
542202 1 210 194 32
545575 1 210 194 32
548743 1 210 194 32
551498 1 210 195 32
554243 1 210 195 32
556574 1 210 195 32
558480 1 210 196 32
560364 1 210 196 32
561822 1 210 196 32
563050 1 210 196 32
564048 1 210 196 32
564816 1 210 196 32
565354 1 210 197 32
565662 1 210 197 32
565533 1 210 197 32
565161 1 210 196 32
564547 1 210 196 32
563898 1 210 196 32
563018 1 210 196 32
561909 1 210 196 32
560570 1 210 196 32
559000 1 210 196 32
557200 1 210 196 32
555171 1 210 195 32
552911 1 210 195 32
550628 1 210 195 32
548231 1 210 194 32
545208 1 210 194 32
542467 1 210 194 32
539540 1 210 193 32
536161 1 210 193 32
533049 1 210 193 32
529436 1 210 192 32
525666 1 210 192 32
522105 1 210 191 32
518156 1 210 191 32
514220 1 210 190 32
510102 1 210 190 32
506011 1 210 189 32
501750 1 210 189 32
497528 1 210 188 32
492941 1 210 188 32
488600 1 210 187 32
484114 1 210 187 32
479483 1 210 186 32
474914 1 210 185 32
470213 1 210 185 32
465587 1 210 184 32
460841 1 210 184 32
456181 1 210 183 32
451413 1 210 183 32
446744 1 210 182 32
441772 1 210 181 32
437106 1 210 181 32
432750 1 210 180 32
427753 1 210 180 32
423055 1 210 179 32
418493 1 210 179 32
413871 1 210 178 32
409190 1 210 177 32
404656 1 210 177 32
400470 1 210 176 32
395906 1 210 176 32
391444 1 210 175 32
387172 1 210 175 32
382878 1 210 174 32
378768 1 210 174 32
374648 1 210 173 32
370517 1 210 173 32
366790 1 210 172 32
362869 1 210 172 32
359157 1 210 171 32
355459 1 210 171 32
351981 1 210 170 32
348530 1 210 170 32
345322 1 210 170 32
341925 1 210 169 32
338771 1 210 169 32
335996 1 210 169 32
332804 1 210 168 32
330139 1 210 168 32
327222 1 210 167 32
324906 1 210 167 32
322270 1 210 167 32
319883 1 210 167 32
317557 1 210 166 32
315595 1 210 166 32
313526 1 210 166 32
311620 1 210 166 32
309788 1 210 165 32
308031 1 210 165 32
306556 1 210 165 32
305168 1 210 165 32
303867 1 210 165 32
302652 1 210 164 32
301525 1 210 164 32
300691 1 210 164 32
299957 1 210 164 32
299114 1 210 164 32
298565 1 210 164 32
298116 1 210 164 32
297765 1 210 164 32
297721 1 210 164 32
297529 1 210 164 32
297433 1 210 164 32
297174 1 210 164 32
297307 1 210 164 32
297538 1 210 164 32
297869 1 210 164 32
298351 1 210 164 32
298623 1 210 164 32
299239 1 210 164 32
299954 1 210 164 32
300767 1 210 164 32
301898 1 210 164 32
302871 1 210 164 32
303618 1 210 165 32
304816 1 210 165 32
305905 1 210 165 32
307082 1 210 165 32
308345 1 210 165 32
309695 1 210 165 32
311132 1 210 165 32
312656 1 210 166 32
314267 1 210 166 32
315757 1 210 166 32
317322 1 210 166 32
319231 1 210 166 32
321106 1 210 167 32
322847 1 210 167 32
324389 1 210 167 32
326120 1 210 167 32
328234 1 210 168 32
329995 1 210 168 32
331719 1 210 168 32
333700 1 210 168 32
335536 1 210 168 32
337744 1 210 169 32
339585 1 210 169 32
341730 1 210 169 32
343435 1 210 169 32
345689 1 210 170 32
347463 1 210 170 32
349432 1 210 170 32
351439 1 210 170 32
353277 1 210 171 32
355348 1 210 171 32
357249 1 210 171 32
359177 1 210 171 32
361130 1 210 172 32
363110 1 210 172 32
364908 1 210 172 32
366720 1 210 172 32
368545 1 210 172 32
370384 1 210 173 32
372237 1 210 173 32
373897 1 210 173 32
375806 1 210 173 32
377566 1 210 174 32
379126 1 210 174 32
380596 1 210 174 32
382408 1 210 174 32
383733 1 210 174 32
385184 1 210 175 32
386986 1 210 175 32
388074 1 210 175 32
389493 1 210 175 32
390694 1 210 175 32
392286 1 210 175 32
393258 1 210 176 32
394610 1 210 176 32
395536 1 210 176 32
396635 1 210 176 32
397711 1 210 176 32
398557 1 210 176 32
399575 1 210 176 32
400570 1 210 176 32
401335 1 210 176 32
402272 1 210 177 32
403404 1 210 177 32
403935 1 210 177 32
404328 1 210 177 32
404930 1 210 177 32
405497 1 210 177 32
406028 1 210 177 32
406525 1 210 177 32
407122 1 210 177 32
407214 1 210 177 32
407594 1 210 177 32
407938 1 210 177 32
408247 1 210 177 32
408688 1 210 177 32
408564 1 210 177 32
408756 1 210 177 32
408912 1 210 177 32
409034 1 210 177 32
409121 1 210 177 32
409204 1 210 177 32
408984 1 210 177 32
408954 1 210 177 32
408888 1 210 177 32
408788 1 210 177 32
408652 1 210 177 32
408596 1 210 177 32
408075 1 210 177 32
407822 1 210 177 32
407534 1 210 177 32
407211 1 210 177 32
406998 1 210 177 32
406261 1 210 177 32
405821 1 210 177 32
405346 1 210 177 32
404835 1 210 177 32
404290 1 210 177 32
403709 1 210 177 32
403156 1 210 177 32
402239 1 210 177 32
401541 1 210 177 32
400808 1 210 176 32
400040 1 210 176 32
399237 1 210 176 32
398606 1 210 176 32
398170 1 210 176 32
397082 1 210 176 32
396370 1 210 176 32
395812 1 210 176 32
394909 1 210 176 32
393902 1 210 176 32
393087 1 210 175 32
392042 1 210 175 32
391376 1 210 175 32
390492 1 210 175 32
389793 1 210 175 32
389114 1 210 175 32
388156 1 210 175 32
387205 1 210 175 32
386439 1 210 175 32
385745 1 210 175 32
384672 1 210 174 32
383654 1 210 174 32
383027 1 210 174 32
382196 1 210 174 32
381570 1 210 174 32
380720 1 210 174 32
379868 1 210 174 32
379233 1 210 174 32
378353 1 210 174 32
377481 1 210 174 32
376806 1 210 173 32
375925 1 210 173 32
375241 1 210 173 32
374558 1 210 173 32
374230 1 210 173 32
373426 1 210 173 32
372760 1 210 173 32
372095 1 210 173 32
371433 1 210 173 32
371113 1 210 173 32
370556 1 210 173 32
369705 1 210 173 32
369061 1 210 173 32
368418 1 210 172 32
368108 1 210 172 32
367788 1 210 172 32
367269 1 210 172 32
366975 1 210 172 32
366420 1 210 172 32
366054 1 210 172 32
365702 1 210 172 32
365364 1 210 172 32
365040 1 210 172 32
364729 1 210 172 32
364432 1 210 172 32
364148 1 210 172 32
363878 1 210 172 32
363622 1 210 172 32
363380 1 210 172 32
363152 1 210 172 32
362937 1 210 172 32
362736 1 210 172 32
362548 1 210 172 32
362374 1 210 172 32
362463 1 210 172 32
362083 1 210 172 32
362168 1 210 172 32
362155 1 210 172 32
362161 1 210 172 32
361969 1 210 172 32
362001 1 210 172 32
361794 1 210 172 32
361755 1 210 172 32
361731 1 210 172 32
361720 1 210 172 32
361723 1 210 172 32
361740 1 210 172 32
361771 1 210 172 32
361815 1 210 172 32
361873 1 210 172 32
361944 1 210 172 32
362030 1 210 172 32
362129 1 210 172 32
362242 1 210 172 32
362368 1 210 172 32
362508 1 210 172 32
362662 1 210 172 32
363058 1 210 172 32
363024 1 210 172 32
363219 1 210 172 32
363718 1 210 172 32
364051 1 210 172 32
364186 1 210 172 32
364544 1 210 172 32
364683 1 210 172 32
364973 1 210 172 32
365483 1 210 172 32
365605 1 210 172 32
365936 1 210 172 32
366280 1 210 172 32
366638 1 210 172 32
367010 1 210 172 32
367396 1 210 172 32
367795 1 210 172 32
368208 1 210 172 32
368635 1 210 172 32
369075 1 210 173 32
369529 1 210 173 32
370018 1 210 173 32
370376 1 210 173 32
370554 1 210 173 32
370832 1 210 173 32
371110 1 210 173 32
371608 1 210 173 32
371986 1 210 173 32
372194 1 210 173 32
372491 1 210 173 32
372790 1 210 173 32
373090 1 210 173 32
373682 1 210 173 32
373919 1 210 173 32
374236 1 210 173 32
374555 1 210 173 32
374875 1 210 173 32
375476 1 210 173 32
375743 1 210 173 32
376080 1 210 173 32
376418 1 210 173 32
376758 1 210 173 32
377368 1 210 174 32
377665 1 210 174 32
377814 1 210 174 32
378243 1 210 174 32
378305 1 210 174 32
378435 1 210 174 32
378854 1 210 174 32
378887 1 210 174 32
378996 1 210 174 32
379406 1 210 174 32
379409 1 210 174 32
379499 1 210 174 32
379786 1 210 174 32
379867 1 210 174 32
380196 1 210 174 32
380219 1 210 174 32
380279 1 210 174 32
380599 1 210 174 32
380592 1 210 174 32
380634 1 210 174 32
380944 1 210 174 32
380908 1 210 174 32
380929 1 210 174 32
381230 1 210 174 32
381164 1 210 174 32
381165 1 210 174 32
381363 1 210 174 32
381356 1 210 174 32
381338 1 210 174 32
381516 1 210 174 32
381488 1 210 174 32
381699 1 210 174 32
381623 1 210 174 32
381576 1 210 174 32
381777 1 210 174 32
381672 1 210 174 32
381605 1 210 174 32
381797 1 210 174 32
381662 1 210 174 32
381575 1 210 174 32
381758 1 210 174 32
381593 1 210 174 32
381487 1 210 174 32
381577 1 210 174 32
381461 1 210 174 32
381562 1 210 174 32
381418 1 210 174 32
381282 1 210 174 32
381374 1 210 174 32
381200 1 210 174 32
381045 1 210 174 32
381127 1 210 174 32
380924 1 210 174 32
380748 1 210 174 32
380822 1 210 174 32
380588 1 210 174 32
380393 1 210 174 32
380395 1 210 174 32
380191 1 210 174 32
379976 1 210 174 32
379958 1 210 174 32
379734 1 210 174 32
379717 1 210 174 32
379474 1 210 174 32
379230 1 210 174 32
379203 1 210 174 32
378931 1 210 174 32
378667 1 210 174 32
378631 1 210 174 32
378329 1 210 174 32
378046 1 210 174 32
378000 1 210 174 32
377669 1 210 174 32
377366 1 210 174 32
377259 1 210 174 32
376947 1 210 174 32
376624 1 210 173 32
376497 1 210 173 32
376372 1 210 173 32
376249 1 210 173 32
376127 1 210 173 32
376006 1 210 173 32
376095 1 210 173 32
375990 1 210 173 32
375886 1 210 173 32
375784 1 210 173 32
375683 1 210 173 32
375792 1 210 173 32
375706 1 210 173 32
375622 1 210 173 32
375540 1 210 173 32
375459 1 210 173 32
375587 1 210 173 32
375522 1 210 173 32
375458 1 210 173 32
0 2 210 173 32
-7435 2 210 173 13
-7639 2 210 173 13
-7715 2 210 173 13
-7792 2 210 173 12
-8150 2 210 173 12
-8123 2 210 173 12
-8425 2 210 173 11
-8547 2 210 173 11
-8655 2 210 173 10
-8749 2 210 173 10
-8830 2 210 173 10
-8897 2 210 173 10
-8951 2 210 173 10
-8721 2 210 173 10
-8638 2 210 173 10
-8784 2 210 173 10
-8770 2 210 173 10
-8743 2 210 173 10
-8702 2 210 173 10
-8647 2 210 173 10
-8578 2 210 173 11
-8496 2 210 173 11
-8151 2 210 173 12
-7934 2 210 173 12
-7925 2 210 173 12
-7775 2 210 173 13
-7612 2 210 173 13
-7436 2 210 173 13
-7245 2 210 173 14
-7041 2 210 173 14
-6823 2 210 173 15
-6591 2 210 173 15
-6242 2 210 173 16
-5884 2 210 173 17
-5724 2 210 173 18
-5713 2 210 173 18
-5425 2 210 173 18
-5123 2 210 173 19
-4590 2 210 173 20
-4673 2 210 173 20
-4343 2 210 173 21
-3998 2 210 173 22
-3847 2 210 173 22
-3488 2 210 173 23
-3114 2 210 173 24
-2935 2 210 173 24
-2546 2 210 173 25
-2351 2 210 173 26
-1947 2 210 173 27
-1737 2 210 173 27
-1121 2 210 173 29
-1081 2 210 173 29
-854 2 210 173 29
-418 2 210 173 30
-176 2 210 173 31
68 2 210 173 32
521 2 210 173 33
780 2 210 173 33
1040 2 210 173 34
1303 2 210 173 35
1566 2 210 173 35
1831 2 210 173 36
2098 2 210 173 37
2366 2 210 173 37
2926 2 210 173 39
2924 2 210 173 39
3197 2 210 173 39
3471 2 210 173 40
3747 2 210 173 41
4024 2 210 173 41
4303 2 210 173 42
4584 2 210 173 43
4658 2 210 173 43
4930 2 210 173 44
5202 2 210 173 44
5580 2 210 173 45
5551 2 210 173 45
5816 2 210 173 46
6207 2 210 173 47
6151 2 210 173 47
6409 2 210 173 47
6461 2 210 173 47
6709 2 210 173 48
6752 2 210 173 48
6991 2 210 173 49
7252 2 210 173 49
7268 2 210 173 49
7292 2 210 173 49
7513 2 210 173 50
7529 2 210 173 50
7740 2 210 173 50
7746 2 210 173 50
8073 2 210 173 51
7953 2 210 173 51
8209 2 210 173 52
8138 2 210 173 51
8116 2 210 173 51
8289 2 210 173 52
8257 2 210 173 52
8432 2 210 173 52
8381 2 210 173 52
8329 2 210 173 52
8495 2 210 173 52
8414 2 210 173 52
8343 2 210 173 52
8499 2 210 173 52
8389 2 210 173 52
8297 2 210 173 52
8444 2 210 173 52
8304 2 210 173 52
8193 2 210 173 52
8279 2 210 173 52
8158 2 210 173 51
8027 2 210 173 51
8093 2 210 173 51
7952 2 210 173 51
7802 2 210 173 51
7847 2 210 173 51
7687 2 210 173 50
7724 2 210 173 50
7555 2 210 173 50
7748 2 210 173 50
7414 2 210 173 50
7225 2 210 173 49
7232 2 210 173 49
7034 2 210 173 49
7033 2 210 173 49
6825 2 210 173 48
6815 2 210 173 48
6598 2 210 173 48
6579 2 210 173 48
6353 2 210 173 47
6324 2 210 173 47
6307 2 210 173 47
6064 2 210 173 46
6193 2 210 173 47
5795 2 210 173 46
5749 2 210 173 46
5498 2 210 173 45
5443 2 210 173 45
5514 2 210 173 45
5138 2 210 173 44
5076 2 210 173 44
5160 2 210 173 44
4756 2 210 173 43
4686 2 210 173 43
4784 2 210 173 43
4592 2 210 173 43
4290 2 210 173 42
4213 2 210 173 42
4139 2 210 173 42
3858 2 210 173 41
3774 2 210 173 41
3692 2 210 173 41
3611 2 210 173 40
3532 2 210 173 40
3558 2 210 173 40
3177 2 210 173 39
3090 2 210 173 39
3005 2 210 173 39
2921 2 210 173 39
2839 2 210 173 38
2758 2 210 173 38
2679 2 210 173 38
2601 2 210 173 38
2711 2 210 173 38
2461 2 210 173 38
2523 2 210 173 38
2117 2 210 173 37
2325 2 210 173 37
1971 2 210 173 36
2130 2 210 173 37
1828 2 210 173 36
1752 2 210 173 36
1947 2 210 173 36
1972 2 210 173 36
1787 2 210 173 36
1812 2 210 173 36
1844 2 210 173 36
1624 2 210 173 35
1695 2 210 173 36
1733 2 210 173 36
1488 2 210 173 35
1439 2 210 173 35
1392 2 210 173 35
1346 2 210 173 35
1302 2 210 173 35
1259 2 210 173 35
1218 2 210 173 34
1179 2 210 173 34
1140 2 210 173 34
1104 2 210 173 34
1317 2 210 173 35
1381 2 210 173 35
1452 2 210 173 35
1239 2 210 173 35
1222 2 210 173 34
1207 2 210 173 34
1193 2 210 173 34
1181 2 210 173 34
1170 2 210 173 34
1161 2 210 173 34
1371 2 210 173 35
1460 2 210 173 35
1556 2 210 173 35
1400 2 210 173 35
1410 2 210 173 35
1423 2 210 173 35
1436 2 210 173 35
1452 2 210 173 35
1468 2 210 173 35
1487 2 210 173 35
1506 2 210 173 35
1528 2 210 173 35
1551 2 210 173 35
1793 2 210 173 36
1914 2 210 173 36
2042 2 210 173 36
1959 2 210 173 36
2087 2 210 173 37
2221 2 210 173 37
2072 2 210 173 37
2275 2 210 173 37
2177 2 210 173 37
2331 2 210 173 37
2472 2 210 173 38
2402 2 210 173 37
2542 2 210 173 38
2265 2 210 173 37
2601 2 210 173 38
2375 2 210 173 37
2662 2 210 173 38
2488 2 210 173 38
2540 2 210 173 38
2593 2 210 173 38
2648 2 210 173 38
2704 2 210 173 38
2762 2 210 173 38
2821 2 210 173 38
2882 2 210 173 39
2945 2 210 173 39
3009 2 210 173 39
3074 2 210 173 39
3287 2 210 173 40
3229 2 210 173 39
3082 2 210 173 39
3141 2 210 173 39
3202 2 210 173 39
3265 2 210 173 39
3329 2 210 173 40
3394 2 210 173 40
3461 2 210 173 40
3530 2 210 173 40
3693 2 210 173 41
3470 2 210 173 40
3531 2 210 173 40
3593 2 210 173 40
3657 2 210 173 40
3723 2 210 173 41
3935 2 210 173 41
3877 2 210 173 41
3731 2 210 173 41
3790 2 210 173 41
3851 2 210 173 41
3913 2 210 173 41
3770 2 210 173 41
3824 2 210 173 41
3878 2 210 173 41
3935 2 210 173 41
3993 2 210 173 41
4218 2 210 173 42
4154 2 210 173 42
3980 2 210 173 41
4032 2 210 173 41
4085 2 210 173 41
4275 2 210 173 42
3997 2 210 173 41
4043 2 210 173 41
4090 2 210 173 41
4139 2 210 173 42
4293 2 210 173 42
4040 2 210 173 41
4081 2 210 173 41
4123 2 210 173 42
4168 2 210 173 42
4286 2 210 173 42
4058 2 210 173 41
4094 2 210 173 41
4132 2 210 173 42
4172 2 210 173 42
4254 2 210 173 42
4051 2 210 173 41
4083 2 210 173 41
4116 2 210 173 42
4151 2 210 173 42
4198 2 210 173 42
4020 2 210 173 41
4047 2 210 173 41
4076 2 210 173 41
4106 2 210 173 42
3931 2 210 173 41
3952 2 210 173 41
3975 2 210 173 41
4000 2 210 173 41
4026 2 210 173 41
4219 2 210 173 42
3884 2 210 173 41
3903 2 210 173 41
3923 2 210 173 41
3944 2 210 173 41
4101 2 210 173 42
3792 2 210 173 41
3806 2 210 173 41
3821 2 210 173 41
3838 2 210 173 41
3959 2 210 173 41
3675 2 210 173 40
3684 2 210 173 40
3694 2 210 173 41
3707 2 210 173 41
3720 2 210 173 41
3891 2 210 173 41
3782 2 210 173 41
3574 2 210 173 40
3581 2 210 173 40
3590 2 210 173 40
3601 2 210 173 40
3820 2 210 173 41
3712 2 210 173 41
3451 2 210 173 40
3456 2 210 173 40
3462 2 210 173 40
3470 2 210 173 40
3479 2 210 173 40
3614 2 210 173 40
3302 2 210 173 40
3303 2 210 173 40
3306 2 210 173 40
3311 2 210 173 40
3317 2 210 173 40
3325 2 210 173 40
3334 2 210 173 40
3469 2 210 173 40
3157 2 210 173 39
3158 2 210 173 39
3161 2 210 173 39
3166 2 210 173 39
3172 2 210 173 39
3180 2 210 173 39
3189 2 210 173 39
3324 2 210 173 40
