  x   x   x 128  x 32
128 128 128 128 32 32
128 128 128 128 32 32
129 129 128 128 32 32
130 130 128 128 32 32
132 132 128 128 32 32
133 133 128 128 32 32
135 135 128 128 32 32
136 136 128 128 32 32
138 138 128 128 32 32
139 139 128 128 32 32
141 141 128 128 32 32
143 143 128 128 32 32
145 145 128 128 32 32
146 146 128 128 32 32
148 148 128 128 32 32
150 150 128 128 32 32
152 152 128 128 32 32
154 154 128 128 32 32
156 156 128 128 32 32
158 158 128 128 32 32
160 160 128 128 32 32
162 162 128 128 32 32
164 164 128 128 32 32
166 166 128 128 32 32
168 168 128 128 32 32
170 170 128 128 32 32
172 172 128 128 32 32
174 174 128 128 32 32
176 176 128 128 32 32
178 178 128 128 32 32
180 180 128 128 32 32
182 182 128 128 32 32
184 184 128 128 32 32
186 186 128 128 32 32
188 188 128 128 32 32
190 190 128 128 32 32
192 192 128 128 32 32
194 194 128 128 32 32
196 196 128 128 32 32
198 198 128 128 32 32
200 200 128 128 32 32
201 201 128 128 32 32
203 203 128 128 32 32
205 205 128 128 32 32
207 207 128 128 32 32
209 209 128 128 32 32
211 211 128 128 32 32
212 212 128 128 32 32
214 214 128 128 32 32
216 216 128 128 32 32
218 218 128 128 32 32
219 219 128 128 32 32
221 221 128 128 32 32
222 222 128 128 32 32
224 224 128 128 32 32
225 225 128 128 32 32
227 227 128 128 32 32
228 228 128 128 32 32
230 230 128 128 32 32
231 231 128 128 32 32
233 233 128 128 32 32
234 234 128 128 32 32
235 235 128 128 32 32
236 236 128 128 32 32
237 237 128 128 32 32
239 239 128 128 32 32
240 240 128 128 32 32
241 241 128 128 32 32
242 242 128 128 32 32
243 243 128 128 32 32
244 244 128 128 32 32
245 245 128 128 32 32
245 245 128 128 32 32
246 246 128 128 32 32
247 247 128 128 32 32
248 248 128 128 32 32
248 248 128 128 32 32
249 249 128 128 32 32
250 250 128 128 32 32
250 250 128 128 32 32
251 251 128 128 32 32
251 251 128 128 32 32
252 252 128 128 32 32
252 252 128 128 32 32
252 252 128 128 32 32
253 253 128 128 32 32
253 253 128 128 32 32
253 253 128 128 32 32
253 253 128 128 32 32
253 253 128 128 32 32
254 254 128 128 32 32
254 254 128 128 32 32
254 254 128 128 32 32
254 254 128 128 32 32
254 254 128 128 32 32
253 253 128 128 32 32
253 253 128 128 32 32
253 253 128 128 32 32
253 253 128 128 32 32
253 253 128 128 32 32
252 252 128 128 32 32
252 252 128 128 32 32
252 252 128 128 32 32
251 251 128 128 32 32
251 251 128 128 32 32
250 250 128 128 32 32
250 250 128 128 32 32
250 250 128 128 32 32
249 249 128 128 32 32
248 248 128 128 32 32
248 248 128 128 32 32
247 247 128 128 32 32
247 247 128 128 32 32
246 246 128 128 32 32
245 245 128 128 32 32
245 245 128 128 32 32
244 244 128 128 32 32
243 243 128 128 32 32
242 242 128 128 32 32
241 241 128 128 32 32
241 241 128 128 32 32
240 240 128 128 32 32
239 239 128 128 32 32
238 238 128 128 32 32
237 237 128 128 32 32
236 236 128 128 32 32
235 235 128 128 32 32
234 234 128 128 32 32
234 234 128 128 32 32
233 233 128 128 32 32
232 232 128 128 32 32
231 231 128 128 32 32
230 230 128 128 32 32
229 229 128 128 32 32
228 228 128 128 32 32
227 227 128 128 32 32
226 226 128 128 32 32
225 225 128 128 32 32
224 224 128 128 32 32
223 223 128 128 32 32
222 222 128 128 32 32
221 221 128 128 32 32
220 220 128 128 32 32
219 219 128 128 32 32
218 218 128 128 32 32
217 217 128 128 32 32
216 216 128 128 32 32
215 215 128 128 32 32
214 214 128 128 32 32
213 213 128 128 32 32
212 212 128 128 32 32
211 211 128 128 32 32
210 210 128 128 32 32
209 209 128 128 32 32
208 208 128 128 32 32
207 207 128 128 32 32
206 206 128 128 32 32
205 205 128 128 32 32
205 205 128 128 32 32
204 204 128 128 32 32
203 203 128 128 32 32
202 202 128 128 32 32
201 201 128 128 32 32
200 200 128 128 32 32
200 200 128 128 32 32
199 199 128 128 32 32
198 198 128 128 32 32
197 197 128 128 32 32
197 197 128 128 32 32
196 196 128 128 32 32
195 195 128 128 32 32
195 195 128 128 32 32
194 194 128 128 32 32
193 193 128 128 32 32
193 193 128 128 32 32
192 192 128 128 32 32
192 192 128 128 32 32
191 191 128 128 32 32
191 191 128 128 32 32
190 190 128 128 32 32
190 190 128 128 32 32
189 189 128 128 32 32
189 189 128 128 32 32
189 189 128 128 32 32
188 188 128 128 32 32
188 188 128 128 32 32
188 188 128 128 32 32
187 187 128 128 32 32
187 187 128 128 32 32
187 187 128 128 32 32
187 187 128 128 32 32
186 186 128 128 32 32
186 186 128 128 32 32
186 186 128 128 32 32
186 186 128 128 32 32
186 186 128 128 32 32
186 186 128 128 32 32
186 186 128 128 32 32
185 185 128 128 32 32
185 185 128 128 32 32
185 185 128 128 32 32
185 185 128 128 32 32
185 185 128 128 32 32
186 186 128 128 32 32
186 186 128 128 32 32
186 186 128 128 32 32
186 186 128 128 32 32
186 186 128 128 32 32
186 186 128 128 32 32
186 186 128 128 32 32
186 186 128 128 32 32
187 187 128 128 32 32
187 187 128 128 32 32
187 187 128 128 32 32
187 187 128 128 32 32
187 187 128 128 32 32
188 188 128 128 32 32
188 188 128 128 32 32
188 188 128 128 32 32
189 189 128 128 32 32
189 189 128 128 32 32
189 189 128 128 32 32
190 190 128 128 32 32
190 190 128 128 32 32
190 190 128 128 32 32
191 191 128 128 32 32
191 191 128 128 32 32
191 191 128 128 32 32
192 192 128 128 32 32
192 192 128 128 32 32
193 193 128 128 32 32
193 193 128 128 32 32
194 194 128 128 32 32
194 194 128 128 32 32
194 194 128 128 32 32
195 195 128 128 32 32
195 195 128 128 32 32
196 196 128 128 32 32
196 196 128 128 32 32
197 197 128 128 32 32
197 197 128 128 32 32
198 198 128 128 32 32
198 198 128 128 32 32
199 199 128 128 32 32
199 199 128 128 32 32
200 200 128 128 32 32
200 200 128 128 32 32
201 201 128 128 32 32
201 201 128 128 32 32
202 202 128 128 32 32
202 202 128 128 32 32
203 203 128 128 32 32
203 203 128 128 32 32
203 203 128 128 32 32
204 204 128 128 32 32
204 204 128 128 32 32
205 205 128 128 32 32
205 205 128 128 32 32
206 206 128 128 32 32
206 206 128 128 32 32
207 207 128 128 32 32
207 207 128 128 32 32
208 208 128 128 32 32
208 208 128 128 32 32
208 208 128 128 32 32
209 209 128 128 32 32
209 209 128 128 32 32
210 210 128 128 32 32
210 210 128 128 32 32
210 210 127 127 32 32
210 210 128 128 32 32
210 210 129 129 32 32
210 210 131 131 32 32
210 210 132 132 32 32
210 210 133 133 32 32
210 210 134 134 32 32
210 210 135 135 32 32
210 210 136 136 32 32
210 210 138 138 32 32
210 210 139 139 32 32
210 210 140 140 32 32
210 210 142 142 32 32
210 210 143 143 32 32
210 210 144 144 32 32
210 210 146 146 32 32
210 210 147 147 32 32
210 210 148 148 32 32
210 210 150 150 32 32
210 210 151 151 32 32
210 210 153 153 32 32
210 210 154 154 32 32
210 210 155 155 32 32
210 210 157 157 32 32
210 210 158 158 32 32
210 210 160 160 32 32
210 210 161 161 32 32
210 210 162 162 32 32
210 210 164 164 32 32
210 210 165 165 32 32
210 210 166 166 32 32
210 210 168 168 32 32
210 210 169 169 32 32
210 210 170 170 32 32
210 210 171 171 32 32
210 210 172 172 32 32
210 210 174 174 32 32
210 210 175 175 32 32
210 210 176 176 32 32
210 210 177 177 32 32
210 210 178 178 32 32
210 210 179 179 32 32
210 210 180 180 32 32
210 210 181 181 32 32
210 210 182 182 32 32
210 210 183 183 32 32
210 210 184 184 32 32
210 210 185 185 32 32
210 210 186 186 32 32
210 210 187 187 32 32
210 210 188 188 32 32
210 210 188 188 32 32
210 210 189 189 32 32
210 210 190 190 32 32
210 210 190 190 32 32
210 210 191 191 32 32
210 210 192 192 32 32
210 210 192 192 32 32
210 210 193 193 32 32
210 210 193 193 32 32
210 210 194 194 32 32
210 210 194 194 32 32
210 210 194 194 32 32
210 210 195 195 32 32
210 210 195 195 32 32
210 210 195 195 32 32
210 210 196 196 32 32
210 210 196 196 32 32
210 210 196 196 32 32
210 210 196 196 32 32
210 210 196 196 32 32
210 210 196 196 32 32
210 210 197 197 32 32
210 210 197 197 32 32
210 210 197 197 32 32
210 210 196 196 32 32
210 210 196 196 32 32
210 210 196 196 32 32
210 210 196 196 32 32
210 210 196 196 32 32
210 210 196 196 32 32
210 210 196 196 32 32
210 210 196 196 32 32
210 210 195 195 32 32
210 210 195 195 32 32
210 210 195 195 32 32
210 210 194 194 32 32
210 210 194 194 32 32
210 210 194 194 32 32
210 210 193 193 32 32
210 210 193 193 32 32
210 210 193 193 32 32
210 210 192 192 32 32
210 210 192 192 32 32
210 210 191 191 32 32
210 210 191 191 32 32
210 210 190 190 32 32
210 210 190 190 32 32
210 210 189 189 32 32
210 210 189 189 32 32
210 210 188 188 32 32
210 210 188 188 32 32
210 210 187 187 32 32
210 210 187 187 32 32
210 210 186 186 32 32
210 210 185 185 32 32
210 210 185 185 32 32
210 210 184 184 32 32
210 210 184 184 32 32
210 210 183 183 32 32
210 210 183 183 32 32
210 210 182 182 32 32
210 210 181 181 32 32
210 210 181 181 32 32
210 210 180 180 32 32
210 210 180 180 32 32
210 210 179 179 32 32
210 210 179 179 32 32
210 210 178 178 32 32
210 210 177 177 32 32
210 210 177 177 32 32
210 210 176 176 32 32
210 210 176 176 32 32
210 210 175 175 32 32
210 210 175 175 32 32
210 210 174 174 32 32
210 210 174 174 32 32
210 210 173 173 32 32
210 210 173 173 32 32
210 210 172 172 32 32
210 210 172 172 32 32
210 210 171 171 32 32
210 210 171 171 32 32
210 210 170 170 32 32
210 210 170 170 32 32
210 210 170 170 32 32
210 210 169 169 32 32
210 210 169 169 32 32
210 210 169 169 32 32
210 210 168 168 32 32
210 210 168 168 32 32
210 210 167 167 32 32
210 210 167 167 32 32
210 210 167 167 32 32
210 210 167 167 32 32
210 210 166 166 32 32
210 210 166 166 32 32
210 210 166 166 32 32
210 210 166 166 32 32
210 210 165 165 32 32
210 210 165 165 32 32
210 210 165 165 32 32
210 210 165 165 32 32
210 210 165 165 32 32
210 210 164 164 32 32
210 210 164 164 32 32
210 210 164 164 32 32
210 210 164 164 32 32
210 210 164 164 32 32
210 210 164 164 32 32
210 210 164 164 32 32
210 210 164 164 32 32
210 210 164 164 32 32
210 210 164 164 32 32
210 210 164 164 32 32
210 210 164 164 32 32
210 210 164 164 32 32
210 210 164 164 32 32
210 210 164 164 32 32
210 210 164 164 32 32
210 210 164 164 32 32
210 210 164 164 32 32
210 210 164 164 32 32
210 210 164 164 32 32
210 210 164 164 32 32
210 210 164 164 32 32
210 210 165 165 32 32
210 210 165 165 32 32
210 210 165 165 32 32
210 210 165 165 32 32
210 210 165 165 32 32
210 210 165 165 32 32
210 210 165 165 32 32
210 210 166 166 32 32
210 210 166 166 32 32
210 210 166 166 32 32
210 210 166 166 32 32
210 210 166 166 32 32
210 210 167 167 32 32
210 210 167 167 32 32
210 210 167 167 32 32
210 210 167 167 32 32
210 210 168 168 32 32
210 210 168 168 32 32
210 210 168 168 32 32
210 210 168 168 32 32
210 210 168 168 32 32
210 210 169 169 32 32
210 210 169 169 32 32
210 210 169 169 32 32
210 210 169 169 32 32
210 210 170 170 32 32
210 210 170 170 32 32
210 210 170 170 32 32
210 210 170 170 32 32
210 210 171 171 32 32
210 210 171 171 32 32
210 210 171 171 32 32
210 210 171 171 32 32
210 210 172 172 32 32
210 210 172 172 32 32
210 210 172 172 32 32
210 210 172 172 32 32
210 210 172 172 32 32
210 210 173 173 32 32
210 210 173 173 32 32
210 210 173 173 32 32
210 210 173 173 32 32
210 210 174 174 32 32
210 210 174 174 32 32
210 210 174 174 32 32
210 210 174 174 32 32
210 210 174 174 32 32
210 210 175 175 32 32
210 210 175 175 32 32
210 210 175 175 32 32
210 210 175 175 32 32
210 210 175 175 32 32
210 210 175 175 32 32
210 210 176 176 32 32
210 210 176 176 32 32
210 210 176 176 32 32
210 210 176 176 32 32
210 210 176 176 32 32
210 210 176 176 32 32
210 210 176 176 32 32
210 210 176 176 32 32
210 210 176 176 32 32
210 210 177 177 32 32
210 210 177 177 32 32
210 210 177 177 32 32
210 210 177 177 32 32
210 210 177 177 32 32
210 210 177 177 32 32
210 210 177 177 32 32
210 210 177 177 32 32
210 210 177 177 32 32
210 210 177 177 32 32
210 210 177 177 32 32
210 210 177 177 32 32
210 210 177 177 32 32
210 210 177 177 32 32
210 210 177 177 32 32
210 210 177 177 32 32
210 210 177 177 32 32
210 210 177 177 32 32
210 210 177 177 32 32
210 210 177 177 32 32
210 210 177 177 32 32
210 210 177 177 32 32
210 210 177 177 32 32
210 210 177 177 32 32
210 210 177 177 32 32
210 210 177 177 32 32
210 210 177 177 32 32
210 210 177 177 32 32
210 210 177 177 32 32
210 210 177 177 32 32
210 210 177 177 32 32
210 210 177 177 32 32
210 210 177 177 32 32
210 210 177 177 32 32
210 210 177 177 32 32
210 210 177 177 32 32
210 210 177 177 32 32
210 210 177 177 32 32
210 210 177 177 32 32
210 210 177 177 32 32
210 210 176 176 32 32
210 210 176 176 32 32
210 210 176 176 32 32
210 210 176 176 32 32
210 210 176 176 32 32
210 210 176 176 32 32
210 210 176 176 32 32
210 210 176 176 32 32
210 210 176 176 32 32
210 210 176 176 32 32
210 210 175 175 32 32
210 210 175 175 32 32
210 210 175 175 32 32
210 210 175 175 32 32
210 210 175 175 32 32
210 210 175 175 32 32
210 210 175 175 32 32
210 210 175 175 32 32
210 210 175 175 32 32
210 210 175 175 32 32
210 210 174 174 32 32
210 210 174 174 32 32
210 210 174 174 32 32
210 210 174 174 32 32
210 210 174 174 32 32
210 210 174 174 32 32
210 210 174 174 32 32
210 210 174 174 32 32
210 210 174 174 32 32
210 210 174 174 32 32
210 210 173 173 32 32
210 210 173 173 32 32
210 210 173 173 32 32
210 210 173 173 32 32
210 210 173 173 32 32
210 210 173 173 32 32
210 210 173 173 32 32
210 210 173 173 32 32
210 210 173 173 32 32
210 210 173 173 32 32
210 210 173 173 32 32
210 210 173 173 32 32
210 210 173 173 32 32
210 210 172 172 32 32
210 210 172 172 32 32
210 210 172 172 32 32
210 210 172 172 32 32
210 210 172 172 32 32
210 210 172 172 32 32
210 210 172 172 32 32
210 210 172 172 32 32
210 210 172 172 32 32
210 210 172 172 32 32
210 210 172 172 32 32
210 210 172 172 32 32
210 210 172 172 32 32
210 210 172 172 32 32
210 210 172 172 32 32
210 210 172 172 32 32
210 210 172 172 32 32
210 210 172 172 32 32
210 210 172 172 32 32
210 210 172 172 32 32
210 210 172 172 32 32
210 210 172 172 32 32
210 210 172 172 32 32
210 210 172 172 32 32
210 210 172 172 32 32
210 210 172 172 32 32
210 210 172 172 32 32
210 210 172 172 32 32
210 210 172 172 32 32
210 210 172 172 32 32
210 210 172 172 32 32
210 210 172 172 32 32
210 210 172 172 32 32
210 210 172 172 32 32
210 210 172 172 32 32
210 210 172 172 32 32
210 210 172 172 32 32
210 210 172 172 32 32
210 210 172 172 32 32
210 210 172 172 32 32
210 210 172 172 32 32
210 210 172 172 32 32
210 210 172 172 32 32
210 210 172 172 32 32
210 210 172 172 32 32
210 210 172 172 32 32
210 210 172 172 32 32
210 210 172 172 32 32
210 210 172 172 32 32
210 210 172 172 32 32
210 210 172 172 32 32
210 210 172 172 32 32
210 210 172 172 32 32
210 210 172 172 32 32
210 210 172 172 32 32
210 210 172 172 32 32
210 210 172 172 32 32
210 210 172 172 32 32
210 210 172 172 32 32
210 210 172 172 32 32
210 210 172 172 32 32
210 210 172 172 32 32
210 210 172 172 32 32
210 210 173 173 32 32
210 210 173 173 32 32
210 210 173 173 32 32
210 210 173 173 32 32
210 210 173 173 32 32
210 210 173 173 32 32
210 210 173 173 32 32
210 210 173 173 32 32
210 210 173 173 32 32
210 210 173 173 32 32
210 210 173 173 32 32
210 210 173 173 32 32
210 210 173 173 32 32
210 210 173 173 32 32
210 210 173 173 32 32
210 210 173 173 32 32
210 210 173 173 32 32
210 210 173 173 32 32
210 210 173 173 32 32
210 210 173 173 32 32
210 210 173 173 32 32
210 210 173 173 32 32
210 210 173 173 32 32
210 210 174 174 32 32
210 210 174 174 32 32
210 210 174 174 32 32
210 210 174 174 32 32
210 210 174 174 32 32
210 210 174 174 32 32
210 210 174 174 32 32
210 210 174 174 32 32
210 210 174 174 32 32
210 210 174 174 32 32
210 210 174 174 32 32
210 210 174 174 32 32
210 210 174 174 32 32
210 210 174 174 32 32
210 210 174 174 32 32
210 210 174 174 32 32
210 210 174 174 32 32
210 210 174 174 32 32
210 210 174 174 32 32
210 210 174 174 32 32
210 210 174 174 32 32
210 210 174 174 32 32
210 210 174 174 32 32
210 210 174 174 32 32
210 210 174 174 32 32
210 210 174 174 32 32
210 210 174 174 32 32
210 210 174 174 32 32
210 210 174 174 32 32
210 210 174 174 32 32
210 210 174 174 32 32
210 210 174 174 32 32
210 210 174 174 32 32
210 210 174 174 32 32
210 210 174 174 32 32
210 210 174 174 32 32
210 210 174 174 32 32
210 210 174 174 32 32
210 210 174 174 32 32
210 210 174 174 32 32
210 210 174 174 32 32
210 210 174 174 32 32
210 210 174 174 32 32
210 210 174 174 32 32
210 210 174 174 32 32
210 210 174 174 32 32
210 210 174 174 32 32
210 210 174 174 32 32
210 210 174 174 32 32
210 210 174 174 32 32
210 210 174 174 32 32
210 210 174 174 32 32
210 210 174 174 32 32
210 210 174 174 32 32
210 210 174 174 32 32
210 210 174 174 32 32
210 210 174 174 32 32
210 210 174 174 32 32
210 210 174 174 32 32
210 210 174 174 32 32
210 210 174 174 32 32
210 210 174 174 32 32
210 210 174 174 32 32
210 210 174 174 32 32
210 210 174 174 32 32
210 210 174 174 32 32
210 210 174 174 32 32
210 210 174 174 32 32
210 210 174 174 32 32
210 210 174 174 32 32
210 210 174 174 32 32
210 210 174 174 32 32
210 210 174 174 32 32
210 210 174 174 32 32
210 210 174 174 32 32
210 210 174 174 32 32
210 210 173 173 32 32
210 210 173 173 32 32
210 210 173 173 32 32
210 210 173 173 32 32
210 210 173 173 32 32
210 210 173 173 32 32
210 210 173 173 32 32
210 210 173 173 32 32
210 210 173 173 32 32
210 210 173 173 32 32
210 210 173 173 32 32
210 210 173 173 32 32
210 210 173 173 32 32
210 210 173 173 32 32
210 210 173 173 32 32
210 210 173 173 32 32
210 210 173 173 32 32
210 210 173 173 32 32
210 210 173 173 32 32
210 210 173 173 32 32
210 210 173 173 13 13
210 210 173 173 13 13
210 210 173 173 13 13
210 210 173 173 12 12
210 210 173 173 12 12
210 210 173 173 12 12
210 210 173 173 11 11
210 210 173 173 11 11
210 210 173 173 10 10
210 210 173 173 10 10
210 210 173 173 10 10
210 210 173 173 10 10
210 210 173 173 10 10
210 210 173 173 10 10
210 210 173 173 10 10
210 210 173 173 10 10
210 210 173 173 10 10
210 210 173 173 10 10
210 210 173 173 10 10
210 210 173 173 10 10
210 210 173 173 11 11
210 210 173 173 11 11
210 210 173 173 12 12
210 210 173 173 12 12
210 210 173 173 12 12
210 210 173 173 13 13
210 210 173 173 13 13
210 210 173 173 13 13
210 210 173 173 14 14
210 210 173 173 14 14
210 210 173 173 15 15
210 210 173 173 15 15
210 210 173 173 16 16
210 210 173 173 17 17
210 210 173 173 18 18
210 210 173 173 18 18
210 210 173 173 18 18
210 210 173 173 19 19
210 210 173 173 20 20
210 210 173 173 20 20
210 210 173 173 21 21
210 210 173 173 22 22
210 210 173 173 22 22
210 210 173 173 23 23
210 210 173 173 24 24
210 210 173 173 24 24
210 210 173 173 25 25
210 210 173 173 26 26
210 210 173 173 27 27
210 210 173 173 27 27
210 210 173 173 29 29
210 210 173 173 29 29
210 210 173 173 29 29
210 210 173 173 30 30
210 210 173 173 31 31
210 210 173 173 32 32
210 210 173 173 33 33
210 210 173 173 33 33
210 210 173 173 34 34
210 210 173 173 35 35
210 210 173 173 35 35
210 210 173 173 36 36
210 210 173 173 37 37
210 210 173 173 37 37
210 210 173 173 39 39
210 210 173 173 39 39
210 210 173 173 39 39
210 210 173 173 40 40
210 210 173 173 41 41
210 210 173 173 41 41
210 210 173 173 42 42
210 210 173 173 43 43
210 210 173 173 43 43
210 210 173 173 44 44
210 210 173 173 44 44
210 210 173 173 45 45
210 210 173 173 45 45
210 210 173 173 46 46
210 210 173 173 47 47
210 210 173 173 47 47
210 210 173 173 47 47
210 210 173 173 47 47
210 210 173 173 48 48
210 210 173 173 48 48
210 210 173 173 49 49
210 210 173 173 49 49
210 210 173 173 49 49
210 210 173 173 49 49
210 210 173 173 50 50
210 210 173 173 50 50
210 210 173 173 50 50
210 210 173 173 50 50
210 210 173 173 51 51
210 210 173 173 51 51
210 210 173 173 52 52
210 210 173 173 51 51
210 210 173 173 51 51
210 210 173 173 52 52
210 210 173 173 52 52
210 210 173 173 52 52
210 210 173 173 52 52
210 210 173 173 52 52
210 210 173 173 52 52
210 210 173 173 52 52
210 210 173 173 52 52
210 210 173 173 52 52
210 210 173 173 52 52
210 210 173 173 52 52
210 210 173 173 52 52
210 210 173 173 52 52
210 210 173 173 52 52
210 210 173 173 52 52
210 210 173 173 51 51
210 210 173 173 51 51
210 210 173 173 51 51
210 210 173 173 51 51
210 210 173 173 51 51
210 210 173 173 51 51
210 210 173 173 50 50
210 210 173 173 50 50
210 210 173 173 50 50
210 210 173 173 50 50
210 210 173 173 50 50
210 210 173 173 49 49
210 210 173 173 49 49
210 210 173 173 49 49
210 210 173 173 49 49
210 210 173 173 48 48
210 210 173 173 48 48
210 210 173 173 48 48
210 210 173 173 48 48
210 210 173 173 47 47
210 210 173 173 47 47
210 210 173 173 47 47
210 210 173 173 46 46
210 210 173 173 47 47
210 210 173 173 46 46
210 210 173 173 46 46
210 210 173 173 45 45
210 210 173 173 45 45
210 210 173 173 45 45
210 210 173 173 44 44
210 210 173 173 44 44
210 210 173 173 44 44
210 210 173 173 43 43
210 210 173 173 43 43
210 210 173 173 43 43
210 210 173 173 43 43
210 210 173 173 42 42
210 210 173 173 42 42
210 210 173 173 42 42
210 210 173 173 41 41
210 210 173 173 41 41
210 210 173 173 41 41
210 210 173 173 40 40
210 210 173 173 40 40
210 210 173 173 40 40
210 210 173 173 39 39
210 210 173 173 39 39
210 210 173 173 39 39
210 210 173 173 39 39
210 210 173 173 38 38
210 210 173 173 38 38
210 210 173 173 38 38
210 210 173 173 38 38
210 210 173 173 38 38
210 210 173 173 38 38
210 210 173 173 38 38
210 210 173 173 37 37
210 210 173 173 37 37
210 210 173 173 36 36
210 210 173 173 37 37
210 210 173 173 36 36
210 210 173 173 36 36
210 210 173 173 36 36
210 210 173 173 36 36
210 210 173 173 36 36
210 210 173 173 36 36
210 210 173 173 36 36
210 210 173 173 35 35
210 210 173 173 36 36
210 210 173 173 36 36
210 210 173 173 35 35
210 210 173 173 35 35
210 210 173 173 35 35
210 210 173 173 35 35
210 210 173 173 35 35
210 210 173 173 35 35
210 210 173 173 34 34
210 210 173 173 34 34
210 210 173 173 34 34
210 210 173 173 34 34
210 210 173 173 35 35
210 210 173 173 35 35
210 210 173 173 35 35
210 210 173 173 35 35
210 210 173 173 34 34
210 210 173 173 34 34
210 210 173 173 34 34
210 210 173 173 34 34
210 210 173 173 34 34
210 210 173 173 34 34
210 210 173 173 35 35
210 210 173 173 35 35
210 210 173 173 35 35
210 210 173 173 35 35
210 210 173 173 35 35
210 210 173 173 35 35
210 210 173 173 35 35
210 210 173 173 35 35
210 210 173 173 35 35
210 210 173 173 35 35
210 210 173 173 35 35
210 210 173 173 35 35
210 210 173 173 35 35
210 210 173 173 36 36
210 210 173 173 36 36
210 210 173 173 36 36
210 210 173 173 36 36
210 210 173 173 37 37
210 210 173 173 37 37
210 210 173 173 37 37
210 210 173 173 37 37
210 210 173 173 37 37
210 210 173 173 37 37
210 210 173 173 38 38
210 210 173 173 37 37
210 210 173 173 38 38
210 210 173 173 37 37
210 210 173 173 38 38
210 210 173 173 37 37
210 210 173 173 38 38
210 210 173 173 38 38
210 210 173 173 38 38
210 210 173 173 38 38
210 210 173 173 38 38
210 210 173 173 38 38
210 210 173 173 38 38
210 210 173 173 38 38
210 210 173 173 39 39
210 210 173 173 39 39
210 210 173 173 39 39
210 210 173 173 39 39
210 210 173 173 40 40
210 210 173 173 39 39
210 210 173 173 39 39
210 210 173 173 39 39
210 210 173 173 39 39
210 210 173 173 39 39
210 210 173 173 40 40
210 210 173 173 40 40
210 210 173 173 40 40
210 210 173 173 40 40
210 210 173 173 41 41
210 210 173 173 40 40
210 210 173 173 40 40
210 210 173 173 40 40
210 210 173 173 40 40
210 210 173 173 41 41
210 210 173 173 41 41
210 210 173 173 41 41
210 210 173 173 41 41
210 210 173 173 41 41
210 210 173 173 41 41
210 210 173 173 41 41
210 210 173 173 41 41
210 210 173 173 41 41
210 210 173 173 41 41
210 210 173 173 41 41
210 210 173 173 41 41
210 210 173 173 42 42
210 210 173 173 42 42
210 210 173 173 41 41
210 210 173 173 41 41
210 210 173 173 41 41
210 210 173 173 42 42
210 210 173 173 41 41
210 210 173 173 41 41
210 210 173 173 41 41
210 210 173 173 42 42
210 210 173 173 42 42
210 210 173 173 41 41
210 210 173 173 41 41
210 210 173 173 42 42
210 210 173 173 42 42
210 210 173 173 42 42
210 210 173 173 41 41
210 210 173 173 41 41
210 210 173 173 42 42
210 210 173 173 42 42
210 210 173 173 42 42
210 210 173 173 41 41
210 210 173 173 41 41
210 210 173 173 42 42
210 210 173 173 42 42
210 210 173 173 42 42
210 210 173 173 41 41
210 210 173 173 41 41
210 210 173 173 41 41
210 210 173 173 42 42
210 210 173 173 41 41
210 210 173 173 41 41
210 210 173 173 41 41
210 210 173 173 41 41
210 210 173 173 41 41
210 210 173 173 42 42
210 210 173 173 41 41
210 210 173 173 41 41
210 210 173 173 41 41
210 210 173 173 41 41
210 210 173 173 42 42
210 210 173 173 41 41
210 210 173 173 41 41
210 210 173 173 41 41
210 210 173 173 41 41
210 210 173 173 41 41
210 210 173 173 40 40
210 210 173 173 40 40
210 210 173 173 41 41
210 210 173 173 41 41
210 210 173 173 41 41
210 210 173 173 41 41
210 210 173 173 41 41
210 210 173 173 40 40
210 210 173 173 40 40
210 210 173 173 40 40
210 210 173 173 40 40
210 210 173 173 41 41
210 210 173 173 41 41
210 210 173 173 40 40
210 210 173 173 40 40
210 210 173 173 40 40
210 210 173 173 40 40
210 210 173 173 40 40
210 210 173 173 40 40
210 210 173 173 40 40
210 210 173 173 40 40
210 210 173 173 40 40
210 210 173 173 40 40
210 210 173 173 40 40
210 210 173 173 40 40
210 210 173 173 40 40
210 210 173 173 40 40
210 210 173 173 39 39
210 210 173 173 39 39
210 210 173 173 39 39
210 210 173 173 39 39
210 210 173 173 39 39
210 210 173 173 39 39
210 210 173 173 39 39
